x1,x2,x3,x4,x5,x6,x7,x8
1,0.29,0.2,-0.06,-0.11,-0.25,-0.23,0.06
0.29,1,0.42,0.29,-0.38,-0.35,-0.16,-0.13
0.2,0.42,1,0.42,-0.52,-0.44,-0.15,-0.08
-0.06,0.29,0.42,1,-0.88,-0.08,0.02,-0.13
-0.11,-0.38,-0.52,-0.88,1,0.21,0.03,0.15
-0.25,-0.35,-0.44,-0.08,0.21,1,0.19,0.08
-0.23,-0.16,-0.15,0.02,0.03,0.19,1,0.42
0.06,-0.13,-0.08,-0.13,0.15,0.08,0.42,1
